RMP-SF-ACSBLD11# show interface trunk

--------------------------------------------------------------------------------
Port          Native  Status        Port
              Vlan                  Channel
--------------------------------------------------------------------------------
Eth1/20       1       trnk-bndl     Po2
Eth1/21       1       trnk-bndl     Po2
Eth1/22       1       trnk-bndl     Po3
Eth1/23       1       trnk-bndl     Po3
Eth1/33       1       trnk-bndl     Po4
Eth1/34       1       trnk-bndl     Po4
Eth1/35       1       trnk-bndl     Po4
Eth1/36       1       trnk-bndl     Po4
Eth1/37       1       trnk-bndl     Po5
Eth1/38       1       trnk-bndl     Po5
Eth1/39       1       trnk-bndl     Po5
Eth1/40       1       trnk-bndl     Po5
Eth1/41       1       trnk-bndl     Po6
Eth1/42       1       trnk-bndl     Po6
Eth1/43       1       trnk-bndl     Po6
Eth1/44       1       trnk-bndl     Po6
Eth1/46       1       trnk-bndl     Po1
Eth1/47       1       trnk-bndl     Po1
Eth1/48       1       trnk-bndl     Po1
Eth1/49       1       trnk-bndl     Po28
Eth1/50       1       trnk-bndl     Po28
Eth1/51       1       trnk-bndl     Po28
Eth1/52       1       trnk-bndl     Po28
Po1           1       trunking      --
Po2           1       trunking      --
Po3           1       trunking      --
Po4           1       trunking      --
Po5           1       trunking      --
Po6           1       trunking      --
Po28          1       trunking      --

--------------------------------------------------------------------------------
Port          Vlans Allowed on Trunk
--------------------------------------------------------------------------------
Eth1/20       354-355
Eth1/21       354-355
Eth1/22       354-355
Eth1/23       354-355
Eth1/33       6,43-44,47,53-54,171-179,184,271-273,277,279,281,283,285,308,357,360,371,376,380,407,419,453,456,459,467,471,477-478,481-482,486,488,506,509,528,553,559,561,564,567,575-577,579,594,623,632,641-642,651-652,655,662,664-668,671,674,709,723,727-728,743-744,746,761,774,851,934,951,956-961,980,982-983,1110,1115,1129,1151,1165,1172-1173,1202,1204,1219,1233,1244,1250,1271,1283,1293-1294,1317,1321,1334,1336,1368,1370,1376,1400,1402,1404,1450,1504,1537,1557,1566,1572,1587-1588,1601,1619,1622,1640,1669,1671-1672,1689,1693,1851,1982-1983,2101,2270,2302-2303,2319,2353,2369,2379,2622,2626,2629,2631-2632,2634-2635,2639,2641-2642,2644-2645,2652,2674,2680,2696,2698,2708,2741,2908,2918-2920,2923,2927,2968,2985,3010,3104,3109,3115,3158,3215,3265,3268-3269,3273,3306,3308,3317,3358,3367,3616,3631,3674,3705,3719,3727,3731,3755,3769,3779,3781,3803,3854
Eth1/34       6,43-44,47,53-54,171-179,184,271-273,277,279,281,283,285,308,357,360,371,376,380,407,419,453,456,459,467,471,477-478,481-482,486,488,506,509,528,553,559,561,564,567,575-577,579,594,623,632,641-642,651-652,655,662,664-668,671,674,709,723,727-728,743-744,746,761,774,851,934,951,956-961,980,982-983,1110,1115,1129,1151,1165,1172-1173,1202,1204,1219,1233,1244,1250,1271,1283,1293-1294,1317,1321,1334,1336,1368,1370,1376,1400,1402,1404,1450,1504,1537,1557,1566,1572,1587-1588,1601,1619,1622,1640,1669,1671-1672,1689,1693,1851,1982-1983,2101,2270,2302-2303,2319,2353,2369,2379,2622,2626,2629,2631-2632,2634-2635,2639,2641-2642,2644-2645,2652,2674,2680,2696,2698,2708,2741,2908,2918-2920,2923,2927,2968,2985,3010,3104,3109,3115,3158,3215,3265,3268-3269,3273,3306,3308,3317,3358,3367,3616,3631,3674,3705,3719,3727,3731,3755,3769,3779,3781,3803,3854
Eth1/35       6,43-44,47,53-54,171-179,184,271-273,277,279,281,283,285,308,357,360,371,376,380,407,419,453,456,459,467,471,477-478,481-482,486,488,506,509,528,553,559,561,564,567,575-577,579,594,623,632,641-642,651-652,655,662,664-668,671,674,709,723,727-728,743-744,746,761,774,851,934,951,956-961,980,982-983,1110,1115,1129,1151,1165,1172-1173,1202,1204,1219,1233,1244,1250,1271,1283,1293-1294,1317,1321,1334,1336,1368,1370,1376,1400,1402,1404,1450,1504,1537,1557,1566,1572,1587-1588,1601,1619,1622,1640,1669,1671-1672,1689,1693,1851,1982-1983,2101,2270,2302-2303,2319,2353,2369,2379,2622,2626,2629,2631-2632,2634-2635,2639,2641-2642,2644-2645,2652,2674,2680,2696,2698,2708,2741,2908,2918-2920,2923,2927,2968,2985,3010,3104,3109,3115,3158,3215,3265,3268-3269,3273,3306,3308,3317,3358,3367,3616,3631,3674,3705,3719,3727,3731,3755,3769,3779,3781,3803,3854
Eth1/36       6,43-44,47,53-54,171-179,184,271-273,277,279,281,283,285,308,357,360,371,376,380,407,419,453,456,459,467,471,477-478,481-482,486,488,506,509,528,553,559,561,564,567,575-577,579,594,623,632,641-642,651-652,655,662,664-668,671,674,709,723,727-728,743-744,746,761,774,851,934,951,956-961,980,982-983,1110,1115,1129,1151,1165,1172-1173,1202,1204,1219,1233,1244,1250,1271,1283,1293-1294,1317,1321,1334,1336,1368,1370,1376,1400,1402,1404,1450,1504,1537,1557,1566,1572,1587-1588,1601,1619,1622,1640,1669,1671-1672,1689,1693,1851,1982-1983,2101,2270,2302-2303,2319,2353,2369,2379,2622,2626,2629,2631-2632,2634-2635,2639,2641-2642,2644-2645,2652,2674,2680,2696,2698,2708,2741,2908,2918-2920,2923,2927,2968,2985,3010,3104,3109,3115,3158,3215,3265,3268-3269,3273,3306,3308,3317,3358,3367,3616,3631,3674,3705,3719,3727,3731,3755,3769,3779,3781,3803,3854
Eth1/37       6,43-44,47,53-54,271-273,277,279,281,283,285,308,360,371,373,376,380,407,419,449,453,456,459,467,471,477-478,481,486,488,506,509,528,531,553,559,561,564,567,575-577,579,594,623,632,641-642,651-652,662,671,674,677,709,723,727-728,743-744,746,761,774,851,934,951,956-961,980,982-983,1110,1115,1129,1151,1165,1172-1173,1202,1204,1219,1233,1244,1250,1271,1283,1293-1294,1310,1317,1321,1334,1336,1368,1370,1376,1400,1402,1404,1450,1504,1537,1557,1566,1572,1587-1588,1601,1619,1622,1640,1669,1671-1672,1689,1693,1851,1982-1983,2101,2270,2302-2303,2319,2353,2369,2379,2622,2626,2629,2631-2632,2634-2635,2639,2641-2642,2644-2645,2652,2674,2680,2696,2698,2708,2741,2908,2918-2920,2923,2927,2968,2985,3104,3109,3115,3158,3215,3265,3268-3269,3273,3306,3308,3317,3358,3367,3616,3631,3674,3705,3719,3727,3731,3755,3769,3779,3781,3803,3854
Eth1/38       6,43-44,47,53-54,271-273,277,279,281,283,285,308,360,371,373,376,380,407,419,449,453,456,459,467,471,477-478,481,486,488,506,509,528,531,553,559,561,564,567,575-577,579,594,623,632,641-642,651-652,662,671,674,677,709,723,727-728,743-744,746,761,774,851,934,951,956-961,980,982-983,1110,1115,1129,1151,1165,1172-1173,1202,1204,1219,1233,1244,1250,1271,1283,1293-1294,1310,1317,1321,1334,1336,1368,1370,1376,1400,1402,1404,1450,1504,1537,1557,1566,1572,1587-1588,1601,1619,1622,1640,1669,1671-1672,1689,1693,1851,1982-1983,2101,2270,2302-2303,2319,2353,2369,2379,2622,2626,2629,2631-2632,2634-2635,2639,2641-2642,2644-2645,2652,2674,2680,2696,2698,2708,2741,2908,2918-2920,2923,2927,2968,2985,3104,3109,3115,3158,3215,3265,3268-3269,3273,3306,3308,3317,3358,3367,3616,3631,3674,3705,3719,3727,3731,3755,3769,3779,3781,3803,3854
Eth1/39       6,43-44,47,53-54,271-273,277,279,281,283,285,308,360,371,373,376,380,407,419,449,453,456,459,467,471,477-478,481,486,488,506,509,528,531,553,559,561,564,567,575-577,579,594,623,632,641-642,651-652,662,671,674,677,709,723,727-728,743-744,746,761,774,851,934,951,956-961,980,982-983,1110,1115,1129,1151,1165,1172-1173,1202,1204,1219,1233,1244,1250,1271,1283,1293-1294,1310,1317,1321,1334,1336,1368,1370,1376,1400,1402,1404,1450,1504,1537,1557,1566,1572,1587-1588,1601,1619,1622,1640,1669,1671-1672,1689,1693,1851,1982-1983,2101,2270,2302-2303,2319,2353,2369,2379,2622,2626,2629,2631-2632,2634-2635,2639,2641-2642,2644-2645,2652,2674,2680,2696,2698,2708,2741,2908,2918-2920,2923,2927,2968,2985,3104,3109,3115,3158,3215,3265,3268-3269,3273,3306,3308,3317,3358,3367,3616,3631,3674,3705,3719,3727,3731,3755,3769,3779,3781,3803,3854
Eth1/40       6,43-44,47,53-54,271-273,277,279,281,283,285,308,360,371,373,376,380,407,419,449,453,456,459,467,471,477-478,481,486,488,506,509,528,531,553,559,561,564,567,575-577,579,594,623,632,641-642,651-652,662,671,674,677,709,723,727-728,743-744,746,761,774,851,934,951,956-961,980,982-983,1110,1115,1129,1151,1165,1172-1173,1202,1204,1219,1233,1244,1250,1271,1283,1293-1294,1310,1317,1321,1334,1336,1368,1370,1376,1400,1402,1404,1450,1504,1537,1557,1566,1572,1587-1588,1601,1619,1622,1640,1669,1671-1672,1689,1693,1851,1982-1983,2101,2270,2302-2303,2319,2353,2369,2379,2622,2626,2629,2631-2632,2634-2635,2639,2641-2642,2644-2645,2652,2674,2680,2696,2698,2708,2741,2908,2918-2920,2923,2927,2968,2985,3104,3109,3115,3158,3215,3265,3268-3269,3273,3306,3308,3317,3358,3367,3616,3631,3674,3705,3719,3727,3731,3755,3769,3779,3781,3803,3854
Eth1/41       6,47,271,273,277,279,285,308,360,371,376,407,419,456,459,477-478,528,553,567,579,623,727,746,851,961,1115,1172-1173,1204,1321,1402,1557,1601,1669,1689,2101,2270,2302,2369,2632,2644,2652,2674,2908,2923,2927,3317,3631,3854
Eth1/42       6,47,271,273,277,279,285,308,360,371,376,407,419,456,459,477-478,528,553,567,579,623,727,746,851,961,1115,1172-1173,1204,1321,1402,1557,1601,1669,1689,2101,2270,2302,2369,2632,2644,2652,2674,2908,2923,2927,3317,3631,3854
Eth1/43       6,47,271,273,277,279,285,308,360,371,376,407,419,456,459,477-478,528,553,567,579,623,727,746,851,961,1115,1172-1173,1204,1321,1402,1557,1601,1669,1689,2101,2270,2302,2369,2632,2644,2652,2674,2908,2923,2927,3317,3631,3854
Eth1/44       6,47,271,273,277,279,285,308,360,371,376,407,419,456,459,477-478,528,553,567,579,623,727,746,851,961,1115,1172-1173,1204,1321,1402,1557,1601,1669,1689,2101,2270,2302,2369,2632,2644,2652,2674,2908,2923,2927,3317,3631,3854
Eth1/46       1-4094
Eth1/47       1-4094
Eth1/48       1-4094
Eth1/49       2-4094
Eth1/50       2-4094
Eth1/51       2-4094
Eth1/52       2-4094
Po1           1-4094
Po2           354-355
Po3           354-355
Po4           6,43-44,47,53-54,171-179,184,271-273,277,279,281,283,285,308,357,360,371,376,380,407,419,453,456,459,467,471,477-478,481-482,486,488,506,509,528,553,559,561,564,567,575-577,579,594,623,632,641-642,651-652,655,662,664-668,671,674,709,723,727-728,743-744,746,761,774,851,934,951,956-961,980,982-983,1110,1115,1129,1151,1165,1172-1173,1202,1204,1219,1233,1244,1250,1271,1283,1293-1294,1317,1321,1334,1336,1368,1370,1376,1400,1402,1404,1450,1504,1537,1557,1566,1572,1587-1588,1601,1619,1622,1640,1669,1671-1672,1689,1693,1851,1982-1983,2101,2270,2302-2303,2319,2353,2369,2379,2622,2626,2629,2631-2632,2634-2635,2639,2641-2642,2644-2645,2652,2674,2680,2696,2698,2708,2741,2908,2918-2920,2923,2927,2968,2985,3010,3104,3109,3115,3158,3215,3265,3268-3269,3273,3306,3308,3317,3358,3367,3616,3631,3674,3705,3719,3727,3731,3755,3769,3779,3781,3803,3854
Po5           6,43-44,47,53-54,271-273,277,279,281,283,285,308,360,371,373,376,380,407,419,449,453,456,459,467,471,477-478,481,486,488,506,509,528,531,553,559,561,564,567,575-577,579,594,623,632,641-642,651-652,662,671,674,677,709,723,727-728,743-744,746,761,774,851,934,951,956-961,980,982-983,1110,1115,1129,1151,1165,1172-1173,1202,1204,1219,1233,1244,1250,1271,1283,1293-1294,1310,1317,1321,1334,1336,1368,1370,1376,1400,1402,1404,1450,1504,1537,1557,1566,1572,1587-1588,1601,1619,1622,1640,1669,1671-1672,1689,1693,1851,1982-1983,2101,2270,2302-2303,2319,2353,2369,2379,2622,2626,2629,2631-2632,2634-2635,2639,2641-2642,2644-2645,2652,2674,2680,2696,2698,2708,2741,2908,2918-2920,2923,2927,2968,2985,3104,3109,3115,3158,3215,3265,3268-3269,3273,3306,3308,3317,3358,3367,3616,3631,3674,3705,3719,3727,3731,3755,3769,3779,3781,3803,3854
Po6           6,47,271,273,277,279,285,308,360,371,376,407,419,456,459,477-478,528,553,567,579,623,727,746,851,961,1115,1172-1173,1204,1321,1402,1557,1601,1669,1689,2101,2270,2302,2369,2632,2644,2652,2674,2908,2923,2927,3317,3631,3854
Po28          2-4094

--------------------------------------------------------------------------------
Port          Vlans Err-disabled on Trunk
--------------------------------------------------------------------------------
Eth1/20       none
Eth1/21       none
Eth1/22       none
Eth1/23       none
Eth1/33       none
Eth1/34       none
Eth1/35       none
Eth1/36       none
Eth1/37       none
Eth1/38       none
Eth1/39       none
Eth1/40       none
Eth1/41       none
Eth1/42       none
Eth1/43       none
Eth1/44       none
Eth1/46       none
Eth1/47       none
Eth1/48       none
Eth1/49       none
Eth1/50       none
Eth1/51       none
Eth1/52       none
Po1           none
Po2           none
Po3           none
Po4           none
Po5           none
Po6           none
Po28          none

--------------------------------------------------------------------------------
Port          STP Forwarding
--------------------------------------------------------------------------------
Eth1/20       none
Eth1/21       none
Eth1/22       none
Eth1/23       none
Eth1/33       none
Eth1/34       none
Eth1/35       none
Eth1/36       none
Eth1/37       none
Eth1/38       none
Eth1/39       none
Eth1/40       none
Eth1/41       none
Eth1/42       none
Eth1/43       none
Eth1/44       none
Eth1/46       none
Eth1/47       none
Eth1/48       none
Eth1/49       none
Eth1/50       none
Eth1/51       none
Eth1/52       none
Po1           1,6,43-44,47,53-54,171-179,182-184,271-273,277,279,281,283,285,289,308,354-355,357,360,371,373,376,380,407-408,419,449,453,456,459,466-467,471-472,477-478,481-482,486,488,506,509,528,531,551,553,559,561,564,567,575-577,579,594,623,632,641-642,651-652,655,662,664-668,671,674,677,709,723,727-728,743-744,746,761,774,851,934,951,956-962,980,982-983,1110,1115,1129,1151,1165,1172-1173,1202,1204,1219,1233,1244,1250,1271,1283,1293-1294,1310,1317,1321,1334,1336,1368,1370,1376,1400,1402,1404,1450,1504,1537,1557,1566,1572,1587-1588,1601,1619,1622,1640,1669,1671-1672,1689,1693,1851,1982-1983,2101,2270,2302-2303,2319,2353,2369,2379,2622,2626,2629,2631-2632,2634-2635,2639,2641-2642,2644-2645,2652,2674,2680,2696,2698,2708,2741,2908,2918-2920,2923,2927,2958,2968,3010,3104,3109,3115,3158,3215,3265,3268-3269,3273,3306,3308,3317,3358,3367,3616,3631,3705,3719,3727,3731,3755,3769,3779,3781,3803,3854
Po2           none
Po3           none
Po4           none
Po5           6,43-44,47,53-54,271-273,277,279,281,283,285,308,360,371,373,376,380,407,419,449,453,456,459,467,471,477-478,481,486,488,506,509,528,531,553,559,561,564,567,575-577,579,594,623,632,641-642,651-652,662,671,674,677,709,723,727-728,743-744,746,761,774,851,934,951,956-961,980,982-983,1110,1115,1129,1151,1165,1172-1173,1202,1204,1219,1233,1244,1250,1271,1283,1293-1294,1310,1317,1321,1334,1336,1368,1370,1376,1400,1402,1404,1450,1504,1537,1557,1566,1572,1587-1588,1601,1619,1622,1640,1669,1671-1672,1689,1693,1851,1982-1983,2101,2270,2302-2303,2319,2353,2369,2379,2622,2626,2629,2631-2632,2634-2635,2639,2641-2642,2644-2645,2652,2674,2680,2696,2698,2708,2741,2908,2918-2920,2923,2927,2968,3104,3109,3115,3158,3215,3265,3268-3269,3273,3306,3308,3317,3358,3367,3616,3631,3705,3719,3727,3731,3755,3769,3779,3781,3803,3854
Po6           none
Po28          6,43-44,47,53-54,171-179,182-184,271-273,277,279,281,283,285,289,308,354-355,357,360,371,373,376,380,407,419,449,453,456,459,466,471-472,477,481,486,488,506,509,528,531,551,553,559,561,564,567,575-576,579,594,632,641-642,651-652,655,664-668,671,674,677,709,727,744,746,761,934,951,956-962,980,982-983,1110,1129,1151,1165,1172-1173,1204,1219,1233,1250,1271,1283,1293,1310,1321,1334,1336,1368,1376,1404,1450,1504,1537,1572,1587-1588,1601,1619,1640,1671-1672,1689,1851,1982-1983,2101,2270,2302-2303,2319,2353,2626,2629,2631,2634-2635,2639,2644,2652,2674,2680,2696,2708,2741,2908,2918-2919,2923,2927,2958,2968,3010,3109,3158,3215,3265,3268,3273,3306,3308,3317,3358,3367,3616,3631,3705,3719,3781,3854

--------------------------------------------------------------------------------
Port          Vlans in spanning tree forwarding state and not pruned
--------------------------------------------------------------------------------
Eth1/20       Feature VTP is not enabled
none
Eth1/21       Feature VTP is not enabled
none
Eth1/22       Feature VTP is not enabled
none
Eth1/23       Feature VTP is not enabled
none
Eth1/33       Feature VTP is not enabled
none
Eth1/34       Feature VTP is not enabled
none
Eth1/35       Feature VTP is not enabled
none
Eth1/36       Feature VTP is not enabled
none
Eth1/37       Feature VTP is not enabled
none
Eth1/38       Feature VTP is not enabled
none
Eth1/39       Feature VTP is not enabled
none
Eth1/40       Feature VTP is not enabled
none
Eth1/41       Feature VTP is not enabled
none
Eth1/42       Feature VTP is not enabled
none
Eth1/43       Feature VTP is not enabled
none
Eth1/44       Feature VTP is not enabled
none
Eth1/46       Feature VTP is not enabled
none
Eth1/47       Feature VTP is not enabled
none
Eth1/48       Feature VTP is not enabled
none
Eth1/49       Feature VTP is not enabled
none
Eth1/50       Feature VTP is not enabled
none
Eth1/51       Feature VTP is not enabled
none
Eth1/52       Feature VTP is not enabled
none
Po1           Feature VTP is not enabled
1,6,43-44,47,53-54,171-179,182-184,271-273,277,279,281,283,285,289,308,354-355,357,360,371,373,376,380,407-408,419,449,453,456,459,466-467,471-472,477-478,481-482,486,488,506,509,528,531,551,553,559,561,564,567,575-577,579,594,623,632,641-642,651-652,655,662,664-668,671,674,677,709,723,727-728,743-744,746,761,774,851,934,951,956-962,980,982-983,1110,1115,1129,1151,1165,1172-1173,1202,1204,1219,1233,1244,1250,1271,1283,1293-1294,1310,1317,1321,1334,1336,1368,1370,1376,1400,1402,1404,1450,1504,1537,1557,1566,1572,1587-1588,1601,1619,1622,1640,1669,1671-1672,1689,1693,1851,1982-1983,2101,2270,2302-2303,2319,2353,2369,2379,2622,2626,2629,2631-2632,2634-2635,2639,2641-2642,2644-2645,2652,2674,2680,2696,2698,2708,2741,2908,2918-2920,2923,2927,2958,2968,3010,3104,3109,3115,3158,3215,3265,3268-3269,3273,3306,3308,3317,3358,3367,3616,3631,3705,3719,3727,3731,3755,3769,3779,3781,3803,3854
Po2           Feature VTP is not enabled
none
Po3           Feature VTP is not enabled
none
Po4           Feature VTP is not enabled
none
Po5           Feature VTP is not enabled
6,43-44,47,53-54,271-273,277,279,281,283,285,308,360,371,373,376,380,407,419,449,453,456,459,467,471,477-478,481,486,488,506,509,528,531,553,559,561,564,567,575-577,579,594,623,632,641-642,651-652,662,671,674,677,709,723,727-728,743-744,746,761,774,851,934,951,956-961,980,982-983,1110,1115,1129,1151,1165,1172-1173,1202,1204,1219,1233,1244,1250,1271,1283,1293-1294,1310,1317,1321,1334,1336,1368,1370,1376,1400,1402,1404,1450,1504,1537,1557,1566,1572,1587-1588,1601,1619,1622,1640,1669,1671-1672,1689,1693,1851,1982-1983,2101,2270,2302-2303,2319,2353,2369,2379,2622,2626,2629,2631-2632,2634-2635,2639,2641-2642,2644-2645,2652,2674,2680,2696,2698,2708,2741,2908,2918-2920,2923,2927,2968,3104,3109,3115,3158,3215,3265,3268-3269,3273,3306,3308,3317,3358,3367,3616,3631,3705,3719,3727,3731,3755,3769,3779,3781,3803,3854
Po6           Feature VTP is not enabled
none
Po28          Feature VTP is not enabled
6,43-44,47,53-54,171-179,182-184,271-273,277,279,281,283,285,289,308,354-355,357,360,371,373,376,380,407,419,449,453,456,459,466,471-472,477,481,486,488,506,509,528,531,551,553,559,561,564,567,575-576,579,594,632,641-642,651-652,655,664-668,671,674,677,709,727,744,746,761,934,951,956-962,980,982-983,1110,1129,1151,1165,1172-1173,1204,1219,1233,1250,1271,1283,1293,1310,1321,1334,1336,1368,1376,1404,1450,1504,1537,1572,1587-1588,1601,1619,1640,1671-1672,1689,1851,1982-1983,2101,2270,2302-2303,2319,2353,2626,2629,2631,2634-2635,2639,2644,2652,2674,2680,2696,2708,2741,2908,2918-2919,2923,2927,2958,2968,3010,3109,3158,3215,3265,3268,3273,3306,3308,3317,3358,3367,3616,3631,3705,3719,3781,3854
